 Elastic tensor: 
 
 1093.66   53.67   74.56    0.00   14.87    0.00
   53.67 1188.72   75.28    0.00   14.84    0.00
   74.56   75.28 1087.94    0.00  -32.89    0.00
    0.00    0.00    0.00  507.48    0.00   27.31
   14.87   14.84  -32.89    0.00  418.67    0.00
    0.00    0.00    0.00   27.31    0.00  468.21
 
 Compliance tensor: 
 
  0.000921 -0.000037 -0.000062  0.000000 -0.000036  0.000000
 -0.000037  0.000847 -0.000057  0.000000 -0.000033  0.000000
 -0.000062 -0.000057  0.000930  0.000000  0.000077  0.000000
  0.000000  0.000000  0.000000  0.001977  0.000000 -0.000115
 -0.000036 -0.000033  0.000077  0.000000  0.002397  0.000000
  0.000000  0.000000  0.000000 -0.000115  0.000000  0.002143
 
 Young's, shear and bulk moduli and Poisson ratio
 
   Voigt approximate:  1058.18  489.99  419.71   0.080
   Reuss approximate:  1049.17  484.46  419.17   0.083
   Hill approximate :  1053.68  487.22  419.44   0.081
 
 Pugh ratio (G/K):   1.1616
 Cauchy pressure (Pc=C12-C44):  -453.81
 
 Elastic Anisotropy Index
 
   Chung-Buessem Anisotropy Index (Ac=(Gv-Gr)/(Gv+Gr)):   0.0057
   Universal Elastic Anisotropy Index (Au=5*Gv/Gr+Kv/Kr-6):   0.0584
 
 Elastic Stability Conditions:  Stable
