  #Energy        TDOS
-17.724623        0.000000
-17.695623        0.000000
-17.666623        0.000000
-17.638623        0.000000
-17.609623        0.000000
-17.580623        0.000000
-17.552623        0.000000
-17.523623        0.000000
-17.495623        0.000000
-17.466623        0.000000
-17.437623        0.000000
-17.409623        0.000000
-17.380623        0.000000
-17.351623        0.000000
-17.323623        0.000000
-17.294623        0.000000
-17.266623        0.000000
-17.237623        0.000000
-17.208623        0.000000
-17.180623        0.000000
-17.151623        0.000000
-17.122623        0.000000
-17.094623        0.000000
-17.065623        0.000000
-17.036623        0.000000
-17.008623        0.000000
-16.979623        0.000000
-16.951623        0.000000
-16.922623        0.000000
-16.893623        0.000000
-16.865623        0.000000
-16.836623        0.000000
-16.807623        0.000000
-16.779623        0.000000
-16.750623        0.000000
-16.722623        0.000000
-16.693623        0.000000
-16.664623        0.000000
-16.636623        0.000000
-16.607623        0.000000
-16.578623        0.000000
-16.550623        0.000000
-16.521623        0.000000
-16.493623        0.000000
-16.464623        0.000000
-16.435623        0.000000
-16.407623        0.000000
-16.378623        0.000000
-16.349623        0.000000
-16.321623        0.000000
-16.292623        0.000000
-16.263623        0.000000
-16.235623        0.000000
-16.206623        0.000000
-16.178623        0.000000
-16.149623        0.000000
-16.120623        0.000000
-16.092623        0.000000
-16.063623        0.000000
-16.034623        0.000000
-16.006623        0.000000
-15.977623        0.000000
-15.949623        0.000000
-15.920623        0.000000
-15.891623        0.000000
-15.863623        0.000000
-15.834623        0.000000
-15.805623        0.000000
-15.777623        0.000000
-15.748623        0.000000
-15.719623        0.000004
-15.691623        0.000238
-15.662623        0.001313
-15.634623        0.003858
-15.605623        0.008648
-15.576623        0.015506
-15.548623        0.023471
-15.519623        0.032383
-15.490623        0.041525
-15.462623        0.050628
-15.433623        0.060591
-15.405623        0.070946
-15.376623        0.082559
-15.347623        0.095096
-15.319623        0.108119
-15.290623        0.122494
-15.261623        0.137544
-15.233623        0.152461
-15.204623        0.168089
-15.176623        0.183321
-15.147623        0.199367
-15.118623        0.215810
-15.090623        0.232141
-15.061623        0.249538
-15.032623        0.267412
-15.004623        0.285125
-14.975623        0.303937
-14.946623        0.323210
-14.918623        0.342261
-14.889623        0.362466
-14.861623        0.382465
-14.832623        0.403729
-14.803623        0.425557
-14.775623        0.447112
-14.746623        0.469810
-14.717623        0.492769
-14.689623        0.515148
-14.660623        0.538580
-14.632623        0.561497
-14.603623        0.585568
-14.574623        0.609982
-14.546623        0.633880
-14.517623        0.658962
-14.488623        0.684366
-14.460623        0.709197
-14.431623        0.735224
-14.402623        0.761585
-14.374623        0.787394
-14.345623        0.814526
-14.317623        0.841124
-14.288623        0.869085
-14.259623        0.897468
-14.231623        0.925286
-14.202623        0.954532
-14.173623        0.984214
-14.145623        1.013306
-14.116623        1.043872
-14.088623        1.073748
-14.059623        1.104995
-14.030623        1.136489
-14.002623        1.167121
-13.973623        1.199108
-13.944623        1.231385
-13.916623        1.262843
-13.887623        1.295758
-13.859623        1.327860
-13.830623        1.361442
-13.801623        1.395372
-13.773623        1.428454
-13.744623        1.463066
-13.715623        1.498040
-13.687623        1.532158
-13.658623        1.567886
-13.629623        1.604005
-13.601623        1.639257
-13.572623        1.676174
-13.544623        1.712210
-13.515623        1.749939
-13.486623        1.788074
-13.458623        1.825286
-13.429623        1.864233
-13.400623        1.903601
-13.372623        1.942017
-13.343623        1.982225
-13.315623        2.021915
-13.286623        2.064632
-13.257623        2.109133
-13.229623        2.153261
-13.200623        2.199559
-13.171623        2.246336
-13.143623        2.291948
-13.114623        2.339639
-13.085623        2.387750
-13.057623        2.434566
-13.028623        2.483387
-13.000623        2.530721
-12.971623        2.579818
-12.942623        2.629495
-12.914623        2.678761
-12.885623        2.731309
-12.856623        2.784655
-12.828623        2.836217
-12.799623        2.889533
-12.771623        2.940829
-12.742623        2.993667
-12.713623        3.046172
-12.685623        3.096614
-12.656623        3.148654
-12.627623        3.200376
-12.599623        3.249852
-12.570623        3.300544
-12.542623        3.348942
-12.513623        3.398662
-12.484623        3.448354
-12.456623        3.496682
-12.427623        3.547388
-12.398623        3.598994
-12.370623        3.649926
-12.341623        3.704083
-12.312623        3.760242
-12.284623        3.818202
-12.255623        3.883379
-12.227623        3.952007
-12.198623        4.029771
-12.169623        4.113044
-12.141623        4.196316
-12.112623        4.283795
-12.083623        4.372433
-12.055623        4.459527
-12.026623        4.546353
-11.998623        4.621631
-11.969623        4.693464
-11.940623        4.764297
-11.912623        4.833807
-11.883623        4.907119
-11.854623        4.981910
-11.826623        5.055704
-11.797623        5.134047
-11.768623        5.214783
-11.740623        5.295577
-11.711623        5.383476
-11.683623        5.467994
-11.654623        5.545946
-11.625623        5.616967
-11.597623        5.684531
-11.568623        5.752681
-11.539623        5.818888
-11.511623        5.881692
-11.482623        5.946348
-11.454623        6.008690
-11.425623        6.073215
-11.396623        6.137638
-11.368623        6.199644
-11.339623        6.263560
-11.310623        6.330956
-11.282623        6.399808
-11.253623        6.470597
-11.225623        6.539365
-11.196623        6.613779
-11.167623        6.692601
-11.139623        6.777049
-11.110623        6.879970
-11.081623        6.977961
-11.053623        7.058209
-11.024623        7.139931
-10.995623        7.220189
-10.967623        7.295845
-10.938623        7.372883
-10.910623        7.446131
-10.881623        7.519806
-10.852623        7.590986
-10.824623        7.657108
-10.795623        7.722677
-10.766623        7.785868
-10.738623        7.852998
-10.709623        7.916769
-10.681623        7.961401
-10.652623        7.992177
-10.623623        8.006969
-10.595623        8.013165
-10.566623        8.014861
-10.537623        8.014976
-10.509623        8.014976
-10.480623        8.014976
-10.451623        8.014976
-10.423623        8.014976
-10.394623        8.014976
-10.366623        8.014976
-10.337623        8.014976
-10.308623        8.014976
-10.280623        8.014976
-10.251623        8.014976
-10.222623        8.014976
-10.194623        8.014976
-10.165623        8.014976
-10.137623        8.014976
-10.108623        8.014976
-10.079623        8.014976
-10.051623        8.014976
-10.022623        8.014976
-9.993623        8.014976
-9.965623        8.014976
-9.936623        8.014976
-9.908623        8.014976
-9.879623        8.014976
-9.850623        8.014976
-9.822623        8.014976
-9.793623        8.014976
-9.764623        8.014976
-9.736623        8.014976
-9.707623        8.014976
-9.678623        8.014976
-9.650623        8.014976
-9.621623        8.014976
-9.593623        8.014976
-9.564623        8.014976
-9.535623        8.014976
-9.507623        8.014976
-9.478623        8.014976
-9.449623        8.014976
-9.421623        8.014976
-9.392623        8.014976
-9.364623        8.014976
-9.335623        8.014976
-9.306623        8.014976
-9.278623        8.014976
-9.249623        8.014976
-9.220623        8.014976
-9.192623        8.014976
-9.163623        8.014976
-9.134623        8.014976
-9.106623        8.014976
-9.077623        8.014976
-9.049623        8.014976
-9.020623        8.014976
-8.991623        8.014976
-8.963623        8.014976
-8.934623        8.014976
-8.905623        8.014976
-8.877623        8.014989
-8.848623        8.015162
-8.820623        8.015772
-8.791623        8.017189
-8.762623        8.019721
-8.734623        8.023557
-8.705623        8.029677
-8.676623        8.043661
-8.648623        8.064693
-8.619623        8.083981
-8.591623        8.099301
-8.562623        8.115956
-8.533623        8.133550
-8.505623        8.151592
-8.476623        8.171522
-8.447623        8.192849
-8.419623        8.215183
-8.390623        8.241021
-8.361623        8.270693
-8.333623        8.301941
-8.304623        8.335465
-8.276623        8.369457
-8.247623        8.405388
-8.218623        8.440957
-8.190623        8.475537
-8.161623        8.512381
-8.132623        8.551473
-8.104623        8.592983
-8.075623        8.640369
-8.047623        8.688893
-8.018623        8.740383
-7.989623        8.793728
-7.961623        8.848748
-7.932623        8.910431
-7.903623        8.977262
-7.875623        9.046954
-7.846623        9.124616
-7.818623        9.205046
-7.789623        9.295381
-7.760623        9.395982
-7.732623        9.505098
-7.703623        9.630407
-7.674623        9.767069
-7.646623        9.909183
-7.617623        10.066276
-7.588623        10.231315
-7.560623        10.405923
-7.531623        10.604892
-7.503623        10.796328
-7.474623        10.981160
-7.445623        11.148374
-7.417623        11.291916
-7.388623        11.421009
-7.359623        11.526511
-7.331623        11.613465
-7.302623        11.698029
-7.274623        11.775813
-7.245623        11.853142
-7.216623        11.927933
-7.188623        11.998073
-7.159623        12.068644
-7.130623        12.137186
-7.102623        12.201446
-7.073623        12.266043
-7.044623        12.328727
-7.016623        12.387457
-6.987623        12.446472
-6.959623        12.501744
-6.930623        12.557264
-6.901623        12.611059
-6.873623        12.661179
-6.844623        12.711233
-6.815623        12.759808
-6.787623        12.805560
-6.758623        12.851946
-6.730623        12.895948
-6.701623        12.940912
-6.672623        12.985456
-6.644623        13.028240
-6.615623        13.072523
-6.586623        13.116966
-6.558623        13.160212
-6.529623        13.205553
-6.501623        13.249667
-6.472623        13.295023
-6.443623        13.339451
-6.415623        13.381003
-6.386623        13.423068
-6.357623        13.465045
-6.329623        13.505687
-6.300623        13.547897
-6.271623        13.590251
-6.243623        13.631313
-6.214623        13.674088
-6.186623        13.715570
-6.157623        13.758519
-6.128623        13.801338
-6.100623        13.842512
-6.071623        13.884939
-6.042623        13.927119
-6.014623        13.967579
-5.985623        14.009383
-5.957623        14.050053
-5.928623        14.092741
-5.899623        14.136009
-5.871623        14.178555
-5.842623        14.223954
-5.813623        14.271340
-5.785623        14.319710
-5.756623        14.373592
-5.727623        14.432187
-5.699623        14.495089
-5.670623        14.569271
-5.642623        14.649351
-5.613623        14.735510
-5.584623        14.820813
-5.556623        14.903301
-5.527623        14.989968
-5.498623        15.077272
-5.470623        15.160264
-5.441623        15.244857
-5.413623        15.325021
-5.384623        15.404887
-5.355623        15.472356
-5.327623        15.526578
-5.298623        15.579967
-5.269623        15.629426
-5.241623        15.673778
-5.212623        15.717438
-5.184623        15.759032
-5.155623        15.802894
-5.126623        15.848801
-5.098623        15.895533
-5.069623        15.946211
-5.040623        16.000426
-5.012623        16.060192
-4.983623        16.133649
-4.954623        16.218300
-4.926623        16.306122
-4.897623        16.396791
-4.869623        16.482443
-4.840623        16.570864
-4.811623        16.659183
-4.783623        16.744401
-4.754623        16.832648
-4.725623        16.920910
-4.697623        17.006184
-4.668623        17.094590
-4.640623        17.180200
-4.611623        17.269665
-4.582623        17.360493
-4.554623        17.449869
-4.525623        17.544467
-4.496623        17.641342
-4.468623        17.737354
-4.439623        17.839593
-4.410623        17.945052
-4.382623        18.050458
-4.353623        18.160948
-4.325623        18.266242
-4.296623        18.374107
-4.267623        18.481204
-4.239623        18.583656
-4.210623        18.688477
-4.181623        18.792021
-4.153623        18.891365
-4.124623        18.993576
-4.096623        19.090428
-4.067623        19.187679
-4.038623        19.280987
-4.010623        19.367003
-3.981623        19.452669
-3.952623        19.536551
-3.924623        19.616925
-3.895623        19.699967
-3.867623        19.781489
-3.838623        19.873796
-3.809623        19.971613
-3.781623        20.063719
-3.752623        20.159607
-3.723623        20.259338
-3.695623        20.361636
-3.666623        20.476201
-3.637623        20.599480
-3.609623        20.727020
-3.580623        20.868018
-3.552623        21.013296
-3.523623        21.170534
-3.494623        21.326177
-3.466623        21.471721
-3.437623        21.618243
-3.408623        21.759749
-3.380623        21.893939
-3.351623        22.031660
-3.323623        22.162168
-3.294623        22.294857
-3.265623        22.425966
-3.237623        22.551252
-3.208623        22.679331
-3.179623        22.807380
-3.151623        22.934738
-3.122623        23.061323
-3.093623        23.176700
-3.065623        23.283198
-3.036623        23.389526
-3.008623        23.489024
-2.979623        23.589828
-2.950623        23.689139
-2.922623        23.785851
-2.893623        23.890845
-2.864623        24.002495
-2.836623        24.116413
-2.807623        24.239982
-2.779623        24.367732
-2.750623        24.510224
-2.721623        24.658428
-2.693623        24.804070
-2.664623        24.956320
-2.635623        25.108701
-2.607623        25.253111
-2.578623        25.396806
-2.550623        25.529400
-2.521623        25.660857
-2.492623        25.786862
-2.464623        25.903734
-2.435623        26.020299
-2.406623        26.132848
-2.378623        26.238100
-2.349623        26.344501
-2.320623        26.449815
-2.292623        26.552197
-2.263623        26.660657
-2.235623        26.768947
-2.206623        26.883395
-2.177623        26.997815
-2.149623        27.110179
-2.120623        27.231080
-2.091623        27.356925
-2.063623        27.481343
-2.034623        27.611437
-2.006623        27.733573
-1.977623        27.856171
-1.948623        27.979334
-1.920623        28.098390
-1.891623        28.221828
-1.862623        28.347587
-1.834623        28.472999
-1.805623        28.603078
-1.776623        28.726357
-1.748623        28.839449
-1.719623        28.954971
-1.691623        29.065599
-1.662623        29.180439
-1.633623        29.297425
-1.605623        29.420065
-1.576623        29.566979
-1.547623        29.741196
-1.519623        29.917596
-1.490623        30.067352
-1.462623        30.173304
-1.433623        30.264756
-1.404623        30.349610
-1.376623        30.426918
-1.347623        30.503898
-1.318623        30.578805
-1.290623        30.649407
-1.261623        30.720921
-1.233623        30.789605
-1.204623        30.863425
-1.175623        30.938825
-1.147623        31.007579
-1.118623        31.074308
-1.089623        31.138731
-1.061623        31.198301
-1.032623        31.258360
-1.003623        31.318550
-0.975623        31.375740
-0.946623        31.428476
-0.918623        31.473332
-0.889623        31.517731
-0.860623        31.560216
-0.832623        31.599584
-0.803623        31.639271
-0.774623        31.683887
-0.746623        31.734007
-0.717623        31.784844
-0.689623        31.826872
-0.660623        31.862731
-0.631623        31.891540
-0.603623        31.914376
-0.574623        31.935243
-0.545623        31.953363
-0.517623        31.967410
-0.488623        31.977504
-0.459623        31.982257
-0.431623        31.983155
-0.402623        31.983155
-0.374623        31.983155
-0.345623        31.983155
-0.316623        31.983155
-0.288623        31.983155
-0.259623        31.983155
-0.230623        31.983155
-0.202623        31.983155
-0.173623        31.983155
-0.145623        31.983155
-0.116623        31.983155
-0.087623        31.983155
-0.059623        31.983155
-0.030623        31.983155
-0.001623        31.983155
0.026377        31.983155
0.055377        31.983155
0.083377        31.983155
0.112377        31.983155
0.141377        31.983155
0.169377        31.983155
0.198377        31.983155
0.227377        31.983155
0.255377        31.983155
0.284377        31.983155
0.313377        31.983155
0.341377        31.983155
0.370377        31.983155
0.398377        31.983155
0.427377        31.983155
0.456377        31.983155
0.484377        31.983155
0.513377        31.983155
0.542377        31.983155
0.570377        31.983155
0.599377        31.983155
0.627377        31.983155
0.656377        31.983155
0.685377        31.983155
0.713377        31.983155
0.742377        31.983155
0.771377        31.983155
0.799377        31.983155
0.828377        31.983155
0.857377        31.983155
0.885377        31.983155
0.914377        31.983155
0.942377        31.983156
0.971377        31.983187
1.000377        31.983316
1.028377        31.983614
1.057377        31.984184
1.086377        31.985098
1.114377        31.986389
1.143377        31.988100
1.171377        31.990021
1.200377        31.992301
1.229377        31.994901
1.257377        31.997747
1.286377        32.001070
1.315377        32.004798
1.343377        32.008816
1.372377        32.013437
1.400377        32.018371
1.429377        32.024000
1.458377        32.030648
1.486377        32.038474
1.515377        32.047822
1.544377        32.058079
1.572377        32.068537
1.601377        32.079610
1.630377        32.090805
1.658377        32.101777
1.687377        32.113225
1.715377        32.124290
1.744377        32.135824
1.773377        32.147528
1.801377        32.159089
1.830377        32.171430
1.859377        32.184213
1.887377        32.197009
1.916377        32.210732
1.944377        32.224435
1.973377        32.239098
2.002377        32.254230
2.030377        32.269295
2.059377        32.285370
2.088377        32.301916
2.116377        32.318325
2.145377        32.335725
2.173377        32.352903
2.202377        32.371102
2.231377        32.389725
2.259377        32.408130
2.288377        32.427649
2.317377        32.447639
2.345377        32.467408
2.374377        32.488375
2.403377        32.509838
2.431377        32.531042
2.460377        32.553504
2.488377        32.575677
2.517377        32.599120
2.546377        32.623000
2.574377        32.646478
2.603377        32.671254
2.632377        32.696511
2.660377        32.721423
2.689377        32.747914
2.717377        32.774255
2.746377        32.802342
2.775377        32.831161
2.803377        32.859511
2.832377        32.889323
2.861377        32.919584
2.889377        32.949222
2.918377        32.980354
2.947377        33.011906
2.975377        33.042776
3.004377        33.075169
3.032377        33.106851
3.061377        33.140099
3.090377        33.173783
3.118377        33.206641
3.147377        33.240933
3.176377        33.275545
3.204377        33.309397
3.233377        33.345009
3.261377        33.379995
3.290377        33.416912
3.319377        33.454525
3.347377        33.491513
3.376377        33.530532
3.405377        33.570277
3.433377        33.609351
3.462377        33.650545
3.490377        33.691019
3.519377        33.733910
3.548377        33.778121
3.576377        33.822165
3.605377        33.869188
3.634377        33.917691
3.662377        33.965879
3.691377        34.017122
3.720377        34.069844
3.748377        34.122330
3.777377        34.179039
3.805377        34.237279
3.834377        34.301862
3.863377        34.370578
3.891377        34.439976
3.920377        34.513056
3.949377        34.585744
3.977377        34.655002
4.006377        34.725603
4.034377        34.792845
4.063377        34.862010
4.092377        34.931262
4.120377        34.998644
4.149377        35.069360
4.178377        35.141454
4.206377        35.212616
4.235377        35.287987
4.264377        35.364982
4.292377        35.440806
4.321377        35.521528
4.349377        35.602028
4.378377        35.687317
4.407377        35.773490
4.435377        35.857210
4.464377        35.944892
4.493377        36.033835
4.521377        36.120943
4.550377        36.212452
4.578377        36.302080
4.607377        36.396620
4.636377        36.494046
4.664377        36.591948
4.693377        36.703322
4.722377        36.822614
4.750377        36.937190
4.779377        37.055031
4.807377        37.168291
4.836377        37.284030
4.865377        37.397130
4.893377        37.504594
4.922377        37.615635
4.951377        37.727198
4.979377        37.836034
5.008377        37.950222
5.037377        38.066497
5.065377        38.181773
5.094377        38.305835
5.122377        38.417149
5.151377        38.520723
5.180377        38.623600
5.208377        38.721222
5.237377        38.820489
5.266377        38.919887
5.294377        39.018699
5.323377        39.123331
5.351377        39.220043
5.380377        39.317483
5.409377        39.410529
5.437377        39.492485
5.466377        39.574352
5.495377        39.654175
5.523377        39.729733
5.552377        39.806496
5.581377        39.881011
5.609377        39.949345
5.638377        40.016640
5.666377        40.079808
5.695377        40.143492
5.724377        40.205175
5.752377        40.262995
5.781377        40.321328
5.810377        40.378357
5.838377        40.432369
5.867377        40.487701
5.895377        40.540831
5.924377        40.594597
5.953377        40.647609
5.981377        40.699395
6.010377        40.753596
6.039377        40.806173
6.067377        40.854753
6.096377        40.900892
6.124377        40.939434
6.153377        40.975945
6.182377        41.011484
6.210377        41.045924
6.239377        41.082087
6.268377        41.120382
6.296377        41.160800
6.325377        41.206301
6.354377        41.255485
6.382377        41.306571
6.411377        41.363237
6.439377        41.421659
6.468377        41.486198
6.497377        41.555001
6.525377        41.626023
6.554377        41.725855
6.583377        41.856906
6.611377        41.994540
6.640377        42.143020
6.668377        42.287402
6.697377        42.435926
6.726377        42.585276
6.754377        42.732374
6.783377        42.888930
6.812377        43.049793
6.840377        43.209239
6.869377        43.379411
6.898377        43.558399
6.926377        43.735611
6.955377        43.913773
6.983377        44.080891
7.012377        44.252730
7.041377        44.434473
7.069377        44.610439
7.098377        44.777987
7.127377        44.936022
7.155377        45.080432
7.184377        45.222199
7.212377        45.351965
7.241377        45.478260
7.270377        45.597203
7.298377        45.709763
7.327377        45.828837
7.356377        45.952522
7.384377        46.077948
7.413377        46.214408
7.441377        46.351034
7.470377        46.492496
7.499377        46.622111
7.527377        46.730961
7.556377        46.831606
7.585377        46.925087
7.613377        47.011145
7.642377        47.096188
7.671377        47.177489
7.699377        47.252697
7.728377        47.327459
7.756377        47.396661
7.785377        47.465072
7.814377        47.530018
7.842377        47.589182
7.871377        47.646384
7.900377        47.698744
7.928377        47.743824
7.957377        47.785352
7.985377        47.821248
8.014377        47.853887
8.043377        47.881726
8.071377        47.902351
8.100377        47.915960
8.129377        47.923637
8.157377        47.928058
8.186377        47.931419
8.215377        47.934326
8.243377        47.936885
8.272377        47.939306
8.300377        47.941432
8.329377        47.943427
8.358377        47.945224
8.386377        47.946778
8.415377        47.948210
8.444377        47.949475
8.472377        47.950546
8.501377        47.951509
8.529377        47.952307
8.558377        47.953009
8.587377        47.953595
8.615377        47.954060
8.644377        47.954448
8.673377        47.954751
8.701377        47.954972
8.730377        47.955138
8.758377        47.955247
8.787377        47.955317
8.816377        47.955354
8.844377        47.955369
8.873377        47.955372
8.902377        47.955372
8.930377        47.955372
8.959377        47.955372
8.988377        47.955372
9.016377        47.955372
9.045377        47.955372
9.073377        47.955372
9.102377        47.955372
9.131377        47.955372
9.159377        47.955372
9.188377        47.955372
9.217377        47.955372
9.245377        47.955372
9.274377        47.955372
9.302377        47.955372
9.331377        47.955372
9.360377        47.955372
9.388377        47.955372
9.417377        47.955372
9.446377        47.955372
9.474377        47.955372
9.503377        47.955372
9.532377        47.955372
9.560377        47.955372
9.589377        47.955372
9.617377        47.955372
9.646377        47.955372
9.675377        47.955372
9.703377        47.955372
9.732377        47.955372
9.761377        47.955372
9.789377        47.955372
9.818377        47.955372
9.846377        47.955372
9.875377        47.955372
9.904377        47.955372
9.932377        47.955372
9.961377        47.955372
9.990377        47.955372
10.018377        47.955372
10.047377        47.955372
10.075377        47.955372
10.104377        47.955372
10.133377        47.955372
10.161377        47.955372
10.190377        47.955372
10.219377        47.955372
10.247377        47.955372
10.276377        47.955372
10.305377        47.955372
10.333377        47.955372
10.362377        47.955372
10.390377        47.955372
10.419377        47.955372
10.448377        47.955372
10.476377        47.955372
10.505377        47.955372
10.534377        47.955372
10.562377        47.955372
10.591377        47.955372
10.619377        47.955372
10.648377        47.955372
10.677377        47.955372
10.705377        47.955372
10.734377        47.955372
10.763377        47.955372
10.791377        47.955372
10.820377        47.955372
10.848377        47.955372
10.877377        47.955372
