  #Energy        TDOS
-17.724623        0.000000
-17.695623        0.000000
-17.666623        0.000000
-17.638623        0.000000
-17.609623        0.000000
-17.580623        0.000000
-17.552623        0.000000
-17.523623        0.000000
-17.495623        0.000000
-17.466623        0.000000
-17.437623        0.000000
-17.409623        0.000000
-17.380623        0.000000
-17.351623        0.000000
-17.323623        0.000000
-17.294623        0.000000
-17.266623        0.000000
-17.237623        0.000000
-17.208623        0.000000
-17.180623        0.000000
-17.151623        0.000000
-17.122623        0.000000
-17.094623        0.000000
-17.065623        0.000000
-17.036623        0.000000
-17.008623        0.000000
-16.979623        0.000000
-16.951623        0.000000
-16.922623        0.000000
-16.893623        0.000000
-16.865623        0.000000
-16.836623        0.000000
-16.807623        0.000000
-16.779623        0.000000
-16.750623        0.000000
-16.722623        0.000000
-16.693623        0.000000
-16.664623        0.000000
-16.636623        0.000000
-16.607623        0.000000
-16.578623        0.000000
-16.550623        0.000000
-16.521623        0.000000
-16.493623        0.000000
-16.464623        0.000000
-16.435623        0.000000
-16.407623        0.000000
-16.378623        0.000000
-16.349623        0.000000
-16.321623        0.000000
-16.292623        0.000000
-16.263623        0.000000
-16.235623        0.000000
-16.206623        0.000000
-16.178623        0.000000
-16.149623        0.000000
-16.120623        0.000000
-16.092623        0.000000
-16.063623        0.000000
-16.034623        0.000000
-16.006623        0.000000
-15.977623        0.000000
-15.949623        0.000000
-15.920623        0.000000
-15.891623        0.000000
-15.863623        0.000000
-15.834623        0.000000
-15.805623        0.000000
-15.777623        0.000000
-15.748623        0.000000
-15.719623        0.000261
-15.691623        0.016440
-15.662623        0.057720
-15.634623        0.124100
-15.605623        0.206200
-15.576623        0.266800
-15.548623        0.302100
-15.519623        0.312500
-15.490623        0.318000
-15.462623        0.332200
-15.433623        0.354900
-15.405623        0.384800
-15.376623        0.416100
-15.347623        0.448500
-15.319623        0.481700
-15.290623        0.509700
-15.261623        0.528200
-15.233623        0.537300
-15.204623        0.540500
-15.176623        0.547500
-15.147623        0.559100
-15.118623        0.574900
-15.090623        0.591600
-15.061623        0.608200
-15.032623        0.624500
-15.004623        0.640700
-14.975623        0.656700
-14.946623        0.672500
-14.918623        0.688300
-14.889623        0.705100
-14.861623        0.723400
-14.832623        0.743100
-14.803623        0.762300
-14.775623        0.777300
-14.746623        0.788100
-14.717623        0.795300
-14.689623        0.803200
-14.660623        0.812800
-14.632623        0.824100
-14.603623        0.836000
-14.574623        0.847700
-14.546623        0.859300
-14.517623        0.870500
-14.488623        0.881500
-14.460623        0.892100
-14.431623        0.902900
-14.402623        0.915100
-14.374623        0.928400
-14.345623        0.942800
-14.317623        0.957000
-14.288623        0.971400
-14.259623        0.986000
-14.231623        1.001000
-14.202623        1.016000
-14.173623        1.031000
-14.145623        1.047000
-14.116623        1.061000
-14.088623        1.073000
-14.059623        1.082000
-14.030623        1.090000
-14.002623        1.098000
-13.973623        1.108000
-13.944623        1.118000
-13.916623        1.129000
-13.887623        1.141000
-13.859623        1.152000
-13.830623        1.164000
-13.801623        1.176000
-13.773623        1.187000
-13.744623        1.200000
-13.715623        1.212000
-13.687623        1.225000
-13.658623        1.239000
-13.629623        1.252000
-13.601623        1.266000
-13.572623        1.280000
-13.544623        1.294000
-13.515623        1.308000
-13.486623        1.322000
-13.458623        1.336000
-13.429623        1.350000
-13.400623        1.365000
-13.372623        1.379000
-13.343623        1.394000
-13.315623        1.441000
-13.286623        1.505000
-13.257623        1.564000
-13.229623        1.588000
-13.200623        1.605000
-13.171623        1.621000
-13.143623        1.637000
-13.114623        1.652000
-13.085623        1.666000
-13.057623        1.678000
-13.028623        1.689000
-13.000623        1.692000
-12.971623        1.694000
-12.942623        1.732000
-12.914623        1.787000
-12.885623        1.837000
-12.856623        1.842000
-12.828623        1.841000
-12.799623        1.836000
-12.771623        1.828000
-12.742623        1.816000
-12.713623        1.805000
-12.685623        1.798000
-12.656623        1.791000
-12.627623        1.776000
-12.599623        1.758000
-12.570623        1.738000
-12.542623        1.719000
-12.513623        1.710000
-12.484623        1.717000
-12.456623        1.735000
-12.427623        1.762000
-12.398623        1.797000
-12.370623        1.841000
-12.341623        1.894000
-12.312623        1.979000
-12.284623        2.161000
-12.255623        2.334000
-12.227623        2.568000
-12.198623        2.795000
-12.169623        2.948000
-12.141623        3.000000
-12.112623        3.033000
-12.083623        3.080000
-12.055623        3.141000
-12.026623        2.847000
-11.998623        2.530000
-11.969623        2.424000
-11.940623        2.461000
-11.912623        2.504000
-11.883623        2.552000
-11.854623        2.606000
-11.826623        2.665000
-11.797623        2.738000
-11.768623        2.830000
-11.740623        2.941000
-11.711623        3.121000
-11.683623        2.916000
-11.654623        2.460000
-11.625623        2.438000
-11.597623        2.388000
-11.568623        2.312000
-11.539623        2.254000
-11.511623        2.232000
-11.482623        2.227000
-11.454623        2.226000
-11.425623        2.224000
-11.396623        2.219000
-11.368623        2.210000
-11.339623        2.198000
-11.310623        2.450000
-11.282623        2.468000
-11.253623        2.414000
-11.225623        2.498000
-11.196623        2.634000
-11.167623        2.802000
-11.139623        3.230000
-11.110623        3.868000
-11.081623        2.890000
-11.053623        2.842000
-11.024623        2.794000
-10.995623        2.741000
-10.967623        2.663000
-10.938623        2.650000
-10.910623        2.582000
-10.881623        2.499000
-10.852623        2.410000
-10.824623        2.313000
-10.795623        2.209000
-10.766623        2.149000
-10.738623        2.646000
-10.709623        1.752000
-10.681623        1.436000
-10.652623        0.686500
-10.623623        0.333600
-10.595623        0.109000
-10.566623        0.007938
-10.537623        0.000000
-10.509623        0.000000
-10.480623        0.000000
-10.451623        0.000000
-10.423623        0.000000
-10.394623        0.000000
-10.366623        0.000000
-10.337623        0.000000
-10.308623        0.000000
-10.280623        0.000000
-10.251623        0.000000
-10.222623        0.000000
-10.194623        0.000000
-10.165623        0.000000
-10.137623        0.000000
-10.108623        0.000000
-10.079623        0.000000
-10.051623        0.000000
-10.022623        0.000000
-9.993623        0.000000
-9.965623        0.000000
-9.936623        0.000000
-9.908623        0.000000
-9.879623        0.000000
-9.850623        0.000000
-9.822623        0.000000
-9.793623        0.000000
-9.764623        0.000000
-9.736623        0.000000
-9.707623        0.000000
-9.678623        0.000000
-9.650623        0.000000
-9.621623        0.000000
-9.593623        0.000000
-9.564623        0.000000
-9.535623        0.000000
-9.507623        0.000000
-9.478623        0.000000
-9.449623        0.000000
-9.421623        0.000000
-9.392623        0.000000
-9.364623        0.000000
-9.335623        0.000000
-9.306623        0.000000
-9.278623        0.000000
-9.249623        0.000000
-9.220623        0.000000
-9.192623        0.000000
-9.163623        0.000000
-9.134623        0.000000
-9.106623        0.000000
-9.077623        0.000000
-9.049623        0.000000
-9.020623        0.000000
-8.991623        0.000000
-8.963623        0.000000
-8.934623        0.000000
-8.905623        0.000000
-8.877623        0.000896
-8.848623        0.011050
-8.820623        0.032510
-8.791623        0.065270
-8.762623        0.109300
-8.734623        0.164700
-8.705623        0.257400
-8.676623        0.707000
-8.648623        0.795300
-8.619623        0.534900
-8.591623        0.559400
-8.562623        0.589200
-8.533623        0.624200
-8.505623        0.664500
-8.476623        0.710000
-8.447623        0.760800
-8.419623        0.834500
-8.390623        0.947400
-8.361623        1.099000
-8.333623        1.133000
-8.304623        1.179000
-8.276623        1.249000
-8.247623        1.229000
-8.218623        1.224000
-8.190623        1.246000
-8.161623        1.295000
-8.132623        1.401000
-8.104623        1.564000
-8.075623        1.704000
-8.047623        1.762000
-8.018623        1.789000
-7.989623        1.890000
-7.961623        2.040000
-7.932623        2.214000
-7.903623        2.395000
-7.875623        2.583000
-7.846623        2.773000
-7.818623        2.972000
-7.789623        3.258000
-7.760623        3.680000
-7.732623        4.114000
-7.703623        4.528000
-7.674623        4.897000
-7.646623        5.254000
-7.617623        5.580000
-7.588623        5.802000
-7.560623        6.670000
-7.531623        7.052000
-7.503623        6.622000
-7.474623        6.125000
-7.445623        5.407000
-7.417623        4.846000
-7.388623        4.057000
-7.359623        3.219000
-7.331623        2.992000
-7.302623        2.840000
-7.274623        2.716000
-7.245623        2.617000
-7.216623        2.541000
-7.188623        2.469000
-7.159623        2.398000
-7.130623        2.329000
-7.102623        2.261000
-7.073623        2.194000
-7.044623        2.129000
-7.016623        2.066000
-6.987623        2.004000
-6.959623        1.944000
-6.930623        1.885000
-6.901623        1.825000
-6.873623        1.755000
-6.844623        1.697000
-6.815623        1.653000
-6.787623        1.615000
-6.758623        1.584000
-6.730623        1.559000
-6.701623        1.542000
-6.672623        1.530000
-6.644623        1.526000
-6.615623        1.528000
-6.586623        1.537000
-6.558623        1.552000
-6.529623        1.575000
-6.501623        1.576000
-6.472623        1.552000
-6.443623        1.512000
-6.415623        1.456000
-6.386623        1.445000
-6.357623        1.450000
-6.329623        1.453000
-6.300623        1.458000
-6.271623        1.463000
-6.243623        1.470000
-6.214623        1.480000
-6.186623        1.483000
-6.157623        1.479000
-6.128623        1.474000
-6.100623        1.467000
-6.071623        1.459000
-6.042623        1.450000
-6.014623        1.440000
-5.985623        1.443000
-5.957623        1.462000
-5.928623        1.482000
-5.899623        1.502000
-5.871623        1.537000
-5.842623        1.594000
-5.813623        1.674000
-5.785623        1.781000
-5.756623        1.935000
-5.727623        2.106000
-5.699623        2.387000
-5.670623        2.729000
-5.642623        2.991000
-5.613623        2.951000
-5.584623        2.932000
-5.556623        2.960000
-5.527623        3.017000
-5.498623        3.004000
-5.470623        2.924000
-5.441623        2.910000
-5.413623        2.816000
-5.384623        2.692000
-5.355623        1.961000
-5.327623        1.912000
-5.298623        1.770000
-5.269623        1.641000
-5.241623        1.527000
-5.212623        1.484000
-5.184623        1.487000
-5.155623        1.538000
-5.126623        1.628000
-5.098623        1.710000
-5.069623        1.785000
-5.040623        1.954000
-5.012623        2.315000
-4.983623        2.751000
-4.954623        3.087000
-4.926623        3.186000
-4.897623        3.067000
-4.869623        3.051000
-4.840623        3.047000
-4.811623        3.044000
-4.783623        3.043000
-4.754623        3.043000
-4.725623        3.044000
-4.697623        3.047000
-4.668623        3.050000
-4.640623        3.065000
-4.611623        3.105000
-4.582623        3.159000
-4.554623        3.225000
-4.525623        3.299000
-4.496623        3.382000
-4.468623        3.476000
-4.439623        3.575000
-4.410623        3.698000
-4.382623        3.831000
-4.353623        3.789000
-4.325623        3.732000
-4.296623        3.707000
-4.267623        3.679000
-4.239623        3.639000
-4.210623        3.590000
-4.181623        3.551000
-4.153623        3.545000
-4.124623        3.504000
-4.096623        3.414000
-4.067623        3.293000
-4.038623        3.142000
-4.010623        3.002000
-3.981623        2.906000
-3.952623        2.879000
-3.924623        2.862000
-3.895623        2.865000
-3.867623        2.958000
-3.838623        3.408000
-3.809623        3.338000
-3.781623        3.241000
-3.752623        3.372000
-3.723623        3.506000
-3.695623        3.801000
-3.666623        4.100000
-3.637623        4.402000
-3.609623        4.708000
-3.580623        5.016000
-3.552623        5.361000
-3.523623        5.483000
-3.494623        5.251000
-3.466623        5.145000
-3.437623        4.960000
-3.408623        4.799000
-3.380623        4.786000
-3.351623        4.712000
-3.323623        4.610000
-3.294623        4.541000
-3.265623        4.501000
-3.237623        4.448000
-3.208623        4.385000
-3.179623        4.446000
-3.151623        4.651000
-3.122623        4.079000
-3.093623        3.878000
-3.065623        3.729000
-3.036623        3.604000
-3.008623        3.503000
-2.979623        3.449000
-2.950623        3.400000
-2.922623        3.508000
-2.893623        3.733000
-2.864623        3.967000
-2.836623        4.170000
-2.807623        4.352000
-2.779623        4.773000
-2.750623        5.054000
-2.721623        5.167000
-2.693623        5.236000
-2.664623        5.264000
-2.635623        5.245000
-2.607623        5.070000
-2.578623        4.840000
-2.550623        4.631000
-2.521623        4.435000
-2.492623        4.255000
-2.464623        4.093000
-2.435623        3.946000
-2.406623        3.816000
-2.378623        3.702000
-2.349623        3.636000
-2.320623        3.627000
-2.292623        3.686000
-2.263623        3.794000
-2.235623        3.941000
-2.206623        3.952000
-2.177623        3.939000
-2.149623        4.087000
-2.120623        4.251000
-2.091623        4.428000
-2.063623        4.459000
-2.034623        4.513000
-2.006623        4.211000
-1.977623        4.244000
-1.948623        4.250000
-1.920623        4.254000
-1.891623        4.259000
-1.862623        4.414000
-1.834623        4.544000
-1.805623        4.427000
-1.776623        4.075000
-1.748623        4.003000
-1.719623        3.964000
-1.691623        3.938000
-1.662623        3.982000
-1.633623        4.086000
-1.605623        4.674000
-1.576623        5.458000
-1.547623        6.557000
-1.519623        6.043000
-1.490623        4.285000
-1.462623        3.283000
-1.433623        3.024000
-1.404623        2.828000
-1.376623        2.694000
-1.347623        2.615000
-1.318623        2.551000
-1.290623        2.492000
-1.261623        2.440000
-1.233623        2.466000
-1.204623        2.625000
-1.175623        2.575000
-1.147623        2.336000
-1.118623        2.266000
-1.089623        2.177000
-1.061623        2.078000
-1.032623        2.064000
-1.003623        2.087000
-0.975623        1.998000
-0.946623        1.639000
-0.918623        1.565000
-0.889623        1.497000
-0.860623        1.433000
-0.832623        1.379000
-0.803623        1.358000
-0.774623        1.719000
-0.746623        1.861000
-0.717623        1.645000
-0.689623        1.357000
-0.660623        1.116000
-0.631623        0.870800
-0.603623        0.760400
-0.574623        0.678700
-0.545623        0.570900
-0.517623        0.432500
-0.488623        0.263600
-0.459623        0.064190
-0.431623        0.000000
-0.402623        0.000000
-0.374623        0.000000
-0.345623        0.000000
-0.316623        0.000000
-0.288623        0.000000
-0.259623        0.000000
-0.230623        0.000000
-0.202623        0.000000
-0.173623        0.000000
-0.145623        0.000000
-0.116623        0.000000
-0.087623        0.000000
-0.059623        0.000000
-0.030623        0.000000
-0.001623        0.000000
0.026377        0.000000
0.055377        0.000000
0.083377        0.000000
0.112377        0.000000
0.141377        0.000000
0.169377        0.000000
0.198377        0.000000
0.227377        0.000000
0.255377        0.000000
0.284377        0.000000
0.313377        0.000000
0.341377        0.000000
0.370377        0.000000
0.398377        0.000000
0.427377        0.000000
0.456377        0.000000
0.484377        0.000000
0.513377        0.000000
0.542377        0.000000
0.570377        0.000000
0.599377        0.000000
0.627377        0.000000
0.656377        0.000000
0.685377        0.000000
0.713377        0.000000
0.742377        0.000000
0.771377        0.000000
0.799377        0.000000
0.828377        0.000000
0.857377        0.000000
0.885377        0.000000
0.914377        0.000000
0.942377        0.000060
0.971377        0.002048
1.000377        0.006848
1.028377        0.014460
1.057377        0.024880
1.086377        0.038110
1.114377        0.054160
1.143377        0.063820
1.171377        0.073370
1.200377        0.083890
1.229377        0.095390
1.257377        0.107900
1.286377        0.121300
1.315377        0.135800
1.343377        0.151200
1.372377        0.167500
1.400377        0.184900
1.429377        0.203300
1.458377        0.255200
1.486377        0.303800
1.515377        0.340900
1.544377        0.366500
1.572377        0.380500
1.601377        0.383100
1.630377        0.389000
1.658377        0.394700
1.687377        0.394800
1.715377        0.395600
1.744377        0.399800
1.773377        0.407400
1.801377        0.418400
1.830377        0.432700
1.859377        0.448900
1.887377        0.465100
1.916377        0.481300
1.944377        0.497500
1.973377        0.513700
2.002377        0.529900
2.030377        0.546200
2.059377        0.562400
2.088377        0.578700
2.116377        0.593400
2.145377        0.606600
2.173377        0.620400
2.202377        0.634700
2.231377        0.649600
2.259377        0.665100
2.288377        0.681000
2.317377        0.697600
2.345377        0.714500
2.374377        0.731500
2.403377        0.748700
2.431377        0.765900
2.460377        0.783200
2.488377        0.800600
2.517377        0.816100
2.546377        0.830800
2.574377        0.846200
2.603377        0.862500
2.632377        0.879400
2.660377        0.900000
2.689377        0.927000
2.717377        0.954500
2.746377        0.982500
2.775377        1.005000
2.803377        1.020000
2.832377        1.036000
2.861377        1.051000
2.889377        1.066000
2.918377        1.081000
2.947377        1.095000
2.975377        1.110000
3.004377        1.124000
3.032377        1.139000
3.061377        1.154000
3.090377        1.169000
3.118377        1.178000
3.147377        1.187000
3.176377        1.200000
3.204377        1.218000
3.233377        1.238000
3.261377        1.261000
3.290377        1.285000
3.319377        1.309000
3.347377        1.333000
3.376377        1.358000
3.405377        1.383000
3.433377        1.408000
3.462377        1.433000
3.490377        1.458000
3.519377        1.500000
3.548377        1.549000
3.576377        1.597000
3.605377        1.646000
3.634377        1.699000
3.662377        1.743000
3.691377        1.791000
3.720377        1.845000
3.748377        1.904000
3.777377        2.007000
3.805377        2.153000
3.834377        2.301000
3.863377        2.438000
3.891377        2.519000
3.920377        2.521000
3.949377        2.492000
3.977377        2.455000
4.006377        2.414000
4.034377        2.389000
4.063377        2.381000
4.092377        2.395000
4.120377        2.418000
4.149377        2.459000
4.178377        2.513000
4.206377        2.570000
4.235377        2.628000
4.264377        2.682000
4.292377        2.734000
4.321377        2.833000
4.349377        2.917000
4.378377        2.965000
4.407377        2.978000
4.435377        3.002000
4.464377        3.045000
4.493377        3.089000
4.521377        3.133000
4.550377        3.178000
4.578377        3.224000
4.607377        3.296000
4.636377        3.423000
4.664377        3.570000
4.693377        4.111000
4.722377        4.116000
4.750377        4.068000
4.779377        4.059000
4.807377        4.031000
4.836377        3.951000
4.865377        3.849000
4.893377        3.827000
4.922377        3.831000
4.951377        3.863000
4.979377        3.911000
5.008377        3.964000
5.037377        4.055000
5.065377        4.179000
5.094377        4.377000
5.122377        3.574000
5.151377        3.569000
5.180377        3.526000
5.208377        3.447000
5.237377        3.399000
5.266377        3.456000
5.294377        3.602000
5.323377        3.614000
5.351377        3.294000
5.380377        3.426000
5.409377        2.991000
5.437377        2.863000
5.466377        2.783000
5.495377        2.722000
5.523377        2.675000
5.552377        2.619000
5.581377        2.520000
5.609377        2.361000
5.638377        2.280000
5.666377        2.232000
5.695377        2.160000
5.724377        2.094000
5.752377        2.036000
5.781377        1.987000
5.810377        1.946000
5.838377        1.912000
5.867377        1.904000
5.895377        1.891000
5.924377        1.817000
5.953377        1.839000
5.981377        1.860000
6.010377        1.878000
6.039377        1.748000
6.067377        1.722000
6.096377        1.460000
6.124377        1.293000
6.153377        1.225000
6.182377        1.226000
6.210377        1.234000
6.239377        1.260000
6.268377        1.381000
6.296377        1.506000
6.325377        1.632000
6.354377        1.760000
6.382377        1.889000
6.411377        2.019000
6.439377        2.154000
6.468377        2.297000
6.497377        2.448000
6.525377        2.625000
6.554377        4.260000
6.583377        4.778000
6.611377        5.053000
6.640377        5.187000
6.668377        5.126000
6.697377        5.117000
6.726377        5.183000
6.754377        5.324000
6.783377        5.473000
6.812377        5.621000
6.840377        5.768000
6.869377        5.968000
6.898377        6.376000
6.926377        6.282000
6.955377        6.005000
6.983377        5.932000
7.012377        5.919000
7.041377        6.615000
7.069377        5.954000
7.098377        5.601000
7.127377        5.298000
7.155377        5.017000
7.184377        4.760000
7.212377        4.509000
7.241377        4.201000
7.270377        4.002000
7.298377        4.038000
7.327377        4.174000
7.356377        4.356000
7.384377        4.603000
7.413377        4.808000
7.441377        4.951000
7.470377        4.805000
7.499377        4.134000
7.527377        3.641000
7.556377        3.300000
7.585377        3.147000
7.613377        3.000000
7.642377        2.865000
7.671377        2.742000
7.699377        2.630000
7.728377        2.526000
7.756377        2.417000
7.785377        2.301000
7.814377        2.178000
7.842377        2.048000
7.871377        1.897000
7.900377        1.714000
7.928377        1.506000
7.957377        1.358000
7.985377        1.206000
8.014377        1.045000
8.043377        0.874900
8.071377        0.598300
8.100377        0.340300
8.129377        0.189100
8.157377        0.126700
8.186377        0.105100
8.215377        0.095410
8.243377        0.087340
8.272377        0.079630
8.300377        0.072270
8.329377        0.065280
8.358377        0.058640
8.386377        0.052350
8.415377        0.046420
8.444377        0.040850
8.472377        0.035630
8.501377        0.030770
8.529377        0.026270
8.558377        0.022120
8.587377        0.018330
8.615377        0.014890
8.644377        0.011810
8.673377        0.009090
8.701377        0.006723
8.730377        0.004712
8.758377        0.003058
8.787377        0.001760
8.816377        0.000819
8.844377        0.000233
8.873377        0.000004
8.902377        0.000000
8.930377        0.000000
8.959377        0.000000
8.988377        0.000000
9.016377        0.000000
9.045377        0.000000
9.073377        0.000000
9.102377        0.000000
9.131377        0.000000
9.159377        0.000000
9.188377        0.000000
9.217377        0.000000
9.245377        0.000000
9.274377        0.000000
9.302377        0.000000
9.331377        0.000000
9.360377        0.000000
9.388377        0.000000
9.417377        0.000000
9.446377        0.000000
9.474377        0.000000
9.503377        0.000000
9.532377        0.000000
9.560377        0.000000
9.589377        0.000000
9.617377        0.000000
9.646377        0.000000
9.675377        0.000000
9.703377        0.000000
9.732377        0.000000
9.761377        0.000000
9.789377        0.000000
9.818377        0.000000
9.846377        0.000000
9.875377        0.000000
9.904377        0.000000
9.932377        0.000000
9.961377        0.000000
9.990377        0.000000
10.018377        0.000000
10.047377        0.000000
10.075377        0.000000
10.104377        0.000000
10.133377        0.000000
10.161377        0.000000
10.190377        0.000000
10.219377        0.000000
10.247377        0.000000
10.276377        0.000000
10.305377        0.000000
10.333377        0.000000
10.362377        0.000000
10.390377        0.000000
10.419377        0.000000
10.448377        0.000000
10.476377        0.000000
10.505377        0.000000
10.534377        0.000000
10.562377        0.000000
10.591377        0.000000
10.619377        0.000000
10.648377        0.000000
10.677377        0.000000
10.705377        0.000000
10.734377        0.000000
10.763377        0.000000
10.791377        0.000000
10.820377        0.000000
10.848377        0.000000
10.877377        0.000000
