	Position data Generated by SPaMD 
     1.000000000 
       6.625012000      0.000000000      0.000000000 
       0.000000000      3.824953000      0.000000000 
       1.200000000      0.000000000      9.369182000 
    Zn      S  
     6      6 
Cartes 
       0.000000000      0.000000000      2.342295500 
       3.312506000      1.912476500      2.342295500 
       2.304170875      1.912476500      8.588419956 
       3.408335125      0.000000000      5.465353044 
       5.616676875      0.000000000      8.588419956 
       6.720841125      1.912476500      5.465353044 
       0.000000000      0.000000000      0.000000000 
       5.616676875      3.824953000      6.246124456 
       3.312506000      1.912476500      0.000000000 
       2.304170875      1.912476500      6.246124456 
       2.208335125      0.000000000      3.123057544 
       5.520841125      1.912476500      3.123057544 
